1,1,460028714280218,360,2015-05-01,7,1116
1,2,460028714280219,qq,2015-05-02,8,121
1,3,460028714280220,yy,2015-05-03,9,122
1,4,460028714280221,360,2015-05-04,10,119
2,1,460028714280222,yy,2015-05-05,5,1119
2,2,460028714280223,360,2015-05-01,12,121
2,3,460028714280224,qq,2015-05-02,13,122
3,1,460028714280225,qq,2015-05-03,1,1117
3,2,460028714280226,qq,2015-05-04,9,1118
3,3,460028714280227,qq,2015-05-05,10,120
1,1,460028714280218,360,2015-06-01,7,1118
1,2,460028714280219,qq,2015-06-02,8,1119
1,3,460028714280220,yy,2015-06-03,9,1120
1,4,460028714280221,360,2015-06-04,10,119
2,1,460028714280222,yy,2015-06-05,11,1118
2,2,460028714280223,360,2015-06-02,4,121
2,3,460028714280224,qq,2015-06-03,17,1119
3,1,460028714280225,qq,2015-06-04,18,119
3,2,460028714280226,qq,2015-06-05,19,1119
3,3,460028714280227,qq,2015-06-10,120,121